1150.14538489, 1773.59795124, 622.854751549, 1551.80048261, 1723.90496385, 572.160389744, 2249.59835161, 1867.72241495, 648.788048723, 861.227193957, 1107.85232758, 384.922613711, 1864.71569698, 1368.22081409, 458.799524226
1476.0528217, 2185.33421571, 813.317875899, 1646.21183051, 1786.00903104, 640.530963682, 2067.21213784, 1713.15158533, 596.203878348, 990.246104359, 1136.0890334, 394.648358442, 1710.34443209, 1270.36190429, 393.198166262
1463.05500697, 1729.15970211, 621.965638626, 2110.64869534, 1660.45589114, 580.996787182, 2742.31891626, 1878.73494897, 674.923635215, 1079.30220978, 1045.22253098, 352.798299127, 2137.58241118, 1274.94669614, 383.225868187
1526.57481624, 1934.05670122, 719.083612436, 1989.26607591, 1745.78344251, 573.004037231, 2298.17207641, 1724.97668833, 538.861682597, 967.268356036, 1069.42580764, 409.597286924, 1850.92759493, 1225.72607648, 406.307107777
1372.75735931, 2030.56227776, 692.399326059, 1567.55520706, 1552.09278565, 502.556896238, 2156.44013019, 1709.54396606, 617.663114831, 909.439511078, 1054.35331212, 350.598341356, 1682.80553814, 1177.49755915, 394.064677077
1444.56775692, 1975.67576166, 736.280452817, 1585.74560115, 1759.42269207, 566.073813813, 2005.25544642, 1751.18933694, 565.880324145, 1183.68380241, 1691.92151447, 573.911609547, 1746.63703363, 1309.01068346, 370.552993264
1461.37544011, 2026.89412704, 654.678621988, 1914.42490463, 2009.53341712, 711.814304061, 2445.90513884, 1906.93617806, 698.529485307, 1054.06277217, 1210.56366585, 416.78752122, 2032.98153543, 1378.0306376, 475.517832752
1219.00602327, 1526.81311984, 576.472161097, 1706.71385733, 1623.49091595, 542.481817068, 2075.77386636, 1731.60409099, 548.032117963, 904.172544128, 991.646591323, 341.404029184, 1687.51832929, 1205.5359484, 358.32495173
1183.83133007, 1703.32678697, 614.364955031, 1554.64872984, 1693.24673381, 607.580144323, 2094.79210975, 1914.11822883, 729.693175821, 944.33790821, 1125.61457241, 430.452506881, 1878.80231165, 1432.60790569, 494.299902336
1398.22449911, 2107.4461984, 721.504202631, 1712.26708919, 1735.06533415, 622.502411896, 2154.44032663, 1696.84910184, 558.350853262, 873.901575352, 1106.4672789, 410.776305941, 1769.99243949, 1251.89984385, 404.934828483
1416.11854921, 1961.08074421, 683.315221438, 1860.08632195, 1865.06776152, 576.799050856, 2463.61526505, 2040.68890692, 643.399036442, 995.499236915, 1298.12614032, 415.521755581, 2003.7976093, 1479.15901752, 462.211360963
1334.81693044, 1729.55173534, 645.074695248, 1695.53267814, 1784.02740156, 611.078886613, 1990.21740942, 1727.69541529, 536.559407494, 909.388682898, 1166.17706821, 379.685984154, 1686.03439764, 1232.45712321, 374.642380047
1674.13923157, 2140.57095571, 745.791776423, 2047.85252111, 1768.67502189, 552.870531983, 2517.60468919, 2027.93989733, 662.319798179, 1095.72440939, 1224.25693137, 411.54967366, 1968.8325399, 1448.67414916, 427.608179164
1283.50455991, 1806.22468937, 665.442223713, 1526.34701981, 1676.63458211, 542.417942596, 1921.11198924, 1694.27253673, 493.076797031, 856.04759447, 1090.1907869, 362.369402486, 1621.75793687, 1252.62888299, 360.246250825
1385.97185156, 1637.29694563, 567.552228674, 1860.13017805, 1514.96720437, 489.370306329, 2358.94713594, 1799.80442365, 637.022087344, 1001.40663741, 1082.84740244, 363.912079401, 1887.65073666, 1279.59211198, 420.360345401
1132.01009781, 1652.64158729, 657.349801684, 1566.29145702, 1629.86557209, 557.264984794, 2111.8537783, 1683.92809562, 525.28662788, 840.940238495, 998.371786535, 345.818752099, 1772.62113386, 1222.75642278, 366.087986857
1407.30273786, 1877.94032168, 628.47691998, 1863.29811102, 1756.7403779, 539.721595758, 2229.33255595, 1958.52514471, 630.494207692, 1007.55765932, 1181.66363275, 375.657935183, 1737.69309064, 1391.60783169, 417.233919601
1223.49169548, 1681.46887989, 636.654942791, 1420.75768434, 1373.70148534, 471.334232567, 1750.70839252, 1443.64975961, 488.632429798, 823.050597345, 947.392740999, 336.257157065, 1406.88787798, 1087.19601665, 352.434219475
1307.2148505, 1668.10083151, 623.581057602, 1626.0432221, 1708.40100427, 542.42761471, 1990.10900454, 1920.21244126, 676.581573822, 967.936950795, 1138.65567122, 387.917338253, 1693.12103918, 1369.04845681, 429.133583474
1016.54009457, 1909.76577316, 817.172842015, 1502.92318415, 2505.12265564, 1004.88778171, 2770.89977456, 3111.49695562, 849.532523255, 626.554690307, 1172.44489627, 521.046724081, 1293.43088961, 1788.11808828, 587.759404641
1075.39005852, 1636.10180618, 624.657229399, 1461.13118296, 1712.24465399, 582.291609865, 2056.06636772, 1837.97984896, 659.324255645, 797.206140057, 1089.37017097, 424.031827074, 1669.07535073, 1303.48662514, 439.780647944
938.636208778, 1961.14637573, 795.805690318, 1345.00149054, 2475.9365093, 962.004225059, 2664.05889961, 3074.95968894, 769.681240572, 604.744541488, 1188.76864838, 451.524775242, 1238.00474751, 1706.48843807, 537.498216785
1379.41985427, 1648.86654357, 587.735609458, 1627.0656408, 1592.81215452, 562.865884966, 2014.27591787, 1766.98626255, 682.161734679, 910.857419842, 1240.1706362, 431.490735045, 1597.04290681, 1344.2851999, 486.423786728
950.940944217, 1919.10453722, 768.801079265, 1697.0910063, 2716.14879181, 909.359914297, 3585.11840599, 3550.7618528, 794.23752037, 652.790335361, 1171.05081832, 437.739787887, 1503.12079595, 1781.3697451, 547.764448772
1356.75299248, 1755.46142083, 630.607878859, 1891.44988743, 1736.51808924, 578.941186964, 2458.78162783, 1837.6676881, 698.976983582, 1011.8064201, 1151.2479988, 429.896521301, 1916.81038398, 1368.41677533, 474.005531938
1029.2023357, 1804.09464975, 677.608900136, 1781.53816435, 2610.29845065, 777.256763524, 3089.51881615, 3470.7688152, 739.424414753, 739.349158484, 1220.9749613, 428.204776498, 1444.10055889, 1854.0452094, 474.755796131
1546.62251199, 2214.82511317, 759.606856952, 1972.17994543, 1777.73240683, 573.887775775, 2429.19561776, 1839.13071338, 631.703975489, 1020.5186683, 1210.52898409, 394.231015506, 1980.23447154, 1370.56700039, 407.983965966
1194.28423527, 2131.51341047, 756.438088436, 1840.52018949, 2739.63756826, 847.910968265, 3479.13233774, 3889.51114606, 747.779535929, 729.204472261, 1255.06153464, 430.710995286, 1655.30587029, 2037.07531996, 489.328631666
1193.06558709, 1425.24452037, 536.318321667, 1623.57073394, 1575.48650526, 505.598935367, 2146.89006961, 1845.33709179, 554.69274407, 908.527713499, 1078.72493635, 393.154600604, 1757.11932556, 1382.69949214, 404.641920534
1168.49496217, 2316.81611755, 842.681891839, 1741.83594128, 2993.16467416, 896.474813705, 2706.74017663, 3831.88404256, 829.631797263, 693.338988487, 1313.09579353, 458.958862064, 1337.60208243, 2082.90786822, 530.340133441
1639.14848001, 2019.86601553, 687.30011553, 2213.87328787, 1755.53209141, 554.010950823, 2500.06825667, 1886.15497352, 602.301165135, 1181.64737503, 1161.60311262, 398.230711521, 2050.56154679, 1356.97185599, 410.017267349
1139.48492825, 2157.27680011, 826.34617625, 2222.25824136, 2800.38205881, 893.030674012, 4027.60365655, 3875.14423882, 794.320583233, 820.284415243, 1281.35906693, 450.697606868, 1753.74042602, 2026.08069287, 512.877066609
1434.3047889, 1699.89664673, 609.17923836, 1901.96470741, 1632.73387474, 538.520691248, 2373.60983655, 1865.0229992, 641.07313424, 1021.05632847, 1096.40363593, 376.333418415, 1840.50202264, 1392.9015824, 420.689946091
1344.34893457, 2072.6199753, 772.113374009, 2133.71981064, 2619.24423274, 857.023846268, 4033.09921596, 3778.41260436, 862.529010174, 789.020849773, 1261.50738584, 465.342299498, 1867.49241209, 2018.41003032, 546.838230677
1300.39732913, 1720.08129847, 609.690165304, 1552.77139637, 1550.49352978, 537.512254968, 2024.27689091, 1751.5984283, 617.266134275, 971.604228635, 1124.09266156, 378.715764104, 1713.05413578, 1290.77089248, 428.877988351
1434.22159006, 2335.38539309, 886.121301381, 1958.88368923, 2777.31739076, 932.827522252, 3416.81083701, 4003.82610627, 848.713363214, 817.816937663, 1422.23423175, 532.913529952, 1547.30980541, 2156.26456706, 587.04183582
793.470230647, 1484.62186307, 493.288163322, 746.720690134, 1675.76574576, 542.778672186, 586.181874805, 1059.60156315, 273.122515716, 554.747927919, 1184.84724991, 402.572106711, 761.64982986, 1335.42756262, 340.641110438
1227.3530646, 2300.35139724, 931.449250061, 2107.79163671, 2615.4754012, 925.39115017, 4114.19352294, 3917.27573193, 865.88360816, 858.359240712, 1214.42828237, 538.045088999, 1834.51150833, 2015.01499311, 589.76170768
907.908846379, 1749.69758815, 505.93780219, 893.221168761, 1361.28026202, 511.928252614, 684.966200413, 876.584364656, 236.822114958, 631.998314914, 1237.06703351, 331.191593144, 897.119248845, 1138.25280974, 289.497722232
1266.88183383, 1967.44574371, 833.65944351, 2083.20971561, 2503.8855226, 845.200023671, 3941.8566445, 3556.8814576, 820.018140493, 834.03301531, 1158.85538776, 455.0057502, 1686.6696203, 1779.57441251, 552.498969385
1165.58851214, 1517.06908845, 620.571183746, 939.744065573, 1499.8436388, 747.961636562, 715.739755151, 942.228197824, 348.962004018, 710.258950109, 1241.39363279, 521.445911569, 925.495139339, 1224.99825051, 400.040287266
1218.26494099, 2236.73936979, 848.721331107, 1871.30166835, 2642.18768603, 907.265270456, 3546.22139795, 3485.03283747, 848.854426016, 834.026746612, 1340.73282635, 523.3273644, 1752.40979659, 1951.67553064, 598.310330519
1285.47603834, 1649.64071459, 561.627337769, 1358.5826605, 1611.67740828, 658.428682984, 1078.09307464, 1089.81237818, 337.948493892, 818.790685964, 1027.97258492, 353.207596843, 1486.84562906, 1442.05304574, 373.918440656
1045.83154176, 2107.34162803, 1099.90553231, 1824.62522582, 2648.66914719, 1015.13653714, 3522.74064016, 3288.41237277, 918.698158535, 860.285434391, 1351.99659706, 640.619897715, 1737.53199015, 1917.11790613, 690.613860932
1240.75424403, 1624.22884419, 487.556872728, 1132.09113272, 1571.3447345, 585.607493923, 818.774223073, 1057.50697118, 307.113221914, 777.702633472, 1152.78996143, 406.416011073, 1106.08309894, 1370.54379763, 355.35213117
1234.45184016, 2205.63155344, 947.16095147, 1795.03114172, 2714.36994015, 980.91705586, 2901.53002605, 3319.21852115, 1028.39835713, 965.266969387, 1417.73918696, 648.029146475, 1564.14266399, 2001.41660507, 693.038918964
1268.03189022, 1593.97047111, 596.926769949, 1425.69287467, 1627.6775103, 519.935925088, 1020.0587994, 1114.91006759, 344.021793561, 969.912151747, 1266.40497131, 396.947004835, 1325.486743, 1405.86853698, 432.620242945
1021.22114169, 2168.75352937, 1045.3819144, 1526.45296763, 2554.18657488, 1065.17323302, 2542.64042456, 3163.97133153, 1002.07589989, 741.599864696, 1298.61881951, 671.466976207, 1309.8001291, 1928.53223279, 723.04980955
1270.90057148, 1673.57274495, 498.608827354, 1069.19965701, 1500.32835351, 530.004868548, 829.00573901, 1054.24098366, 310.152180354, 652.591676879, 1176.32850259, 364.414001329, 1072.54371888, 1367.44576325, 366.984896225
985.794105465, 2057.08032355, 938.294511765, 1620.51849842, 2563.78821019, 976.780046394, 2657.91152956, 3116.10992005, 875.897514983, 676.196092175, 1272.51115475, 575.599598435, 1304.87416878, 1822.14283547, 631.696295311
764.111448377, 1484.67130458, 562.683875324, 956.267861447, 1533.23087507, 385.404667901, 728.174699677, 1075.66931312, 229.573979984, 595.821594409, 1286.61857218, 428.150418549, 965.909383819, 1401.81729896, 311.7046186
1184.55569595, 2011.87727313, 1033.55730657, 1937.17858528, 2420.87598893, 993.891983394, 3114.79666077, 3220.17869998, 981.281685069, 898.368115947, 1397.3187633, 696.452232059, 1519.66492013, 1932.86515153, 741.853264354
835.468011498, 1574.8875394, 543.910362578, 1043.54677125, 1417.00086758, 428.475783152, 831.723007985, 961.178871787, 296.804131181, 594.318525031, 1078.69518153, 385.234990993, 1056.83514983, 1230.60935044, 346.545267226
1184.54561902, 2264.11270635, 1093.23318604, 1676.77497001, 2457.98099167, 905.713287416, 2815.1957548, 3123.22918113, 929.564644369, 803.545709096, 1423.78438537, 694.244407416, 1374.13505972, 1901.64125197, 704.055545159
1569.7500996, 1994.62240246, 611.407083988, 1305.4037965, 1643.19089, 491.219208649, 971.675184957, 1170.81264688, 322.404014392, 982.599258718, 1298.61613272, 439.16316209, 1309.11040097, 1565.79299978, 411.93405199
917.58879461, 1560.47519847, 660.201407524, 681.100090314, 1428.48381542, 626.09477485, 509.221593193, 880.433090115, 291.653982415, 553.9603755, 1013.94743145, 380.89189084, 734.324494777, 1090.33349487, 340.074700812
691.341251262, 1510.67462697, 470.325748084, 689.986126435, 1531.29069687, 545.351067528, 506.562818771, 956.249640611, 296.345000532, 545.76482249, 1152.03806866, 358.808635395, 639.141645274, 1146.65948444, 330.676749944
1051.27301995, 1811.22673956, 577.855721567, 752.249781931, 1603.25584273, 721.16239214, 541.7829027, 903.341177744, 311.195979768, 696.71690143, 1067.97665637, 339.607340366, 824.440163139, 1242.2517048, 373.801458621
1166.75849305, 1591.08723661, 571.685868744, 1028.47774447, 1604.15955109, 614.3390221, 724.83356613, 1028.26115256, 330.010000915, 875.297056516, 1073.1762232, 394.20125695, 970.700612896, 1315.75499993, 357.834807051
1371.67529765, 1760.2798462, 581.917211963, 1099.90979519, 1665.71316683, 665.951268424, 754.297987116, 1007.88283275, 324.757635188, 825.386756875, 1135.58989448, 406.629268749, 1061.4208786, 1335.33458883, 374.954199359
1318.09450448, 1670.52377982, 610.306679026, 1194.35443093, 1676.11937255, 654.608711431, 973.271854709, 1088.27808604, 323.750984773, 739.961649795, 1349.96061458, 451.955768306, 1342.86616497, 1414.30240984, 380.970630827
1326.57306254, 1864.59168201, 496.130187923, 930.988498833, 1747.46108642, 733.374103755, 641.738747011, 1045.32764743, 344.566333661, 677.162846644, 1155.9675389, 305.312955274, 858.901418536, 1395.81093767, 382.204381008
1331.08519877, 1721.42279385, 665.14614963, 1362.7387019, 1569.17868926, 623.078604738, 985.531917, 1040.67060957, 334.248997981, 894.190151072, 1166.15915957, 461.577163662, 1289.4804101, 1333.08367523, 374.471660095
1307.55972226, 1781.3408181, 557.565430985, 948.928160087, 1703.84077423, 624.324992412, 654.752672784, 927.784239697, 315.483181268, 654.279622467, 1111.81314817, 305.800918442, 946.772475515, 1235.37557727, 337.593228663
1252.78394987, 1802.41301597, 515.730840347, 1181.50486799, 1468.18373152, 517.64015686, 894.465502886, 998.553718079, 286.841607812, 757.118040543, 1319.54176169, 427.094552024, 1189.12547293, 1351.44786387, 370.114034381
1431.20497937, 1755.45124703, 615.556507334, 1036.27902724, 1485.72330391, 654.141659977, 689.600671656, 864.989673452, 319.621862247, 844.932447872, 1207.23917351, 490.060664398, 970.593405619, 1167.7641374, 369.747035466
1008.38575234, 1554.64316547, 566.055118287, 1148.26320642, 1433.60629718, 473.954099594, 798.892162149, 994.74893288, 315.449928156, 718.807822879, 1123.46626828, 414.114130504, 1044.05693234, 1216.12182502, 369.144753448
1599.33556646, 1743.85913997, 621.452276505, 1150.03521107, 1399.4904825, 643.41819326, 675.463504299, 838.670838514, 308.95131054, 848.970984363, 1125.95300356, 345.537877491, 876.567213257, 1126.79619232, 354.797849541
1401.59650822, 2040.23135057, 600.964219971, 1031.1004859, 1522.13312985, 454.192567499, 872.582094614, 1067.14582143, 303.730631159, 695.44220453, 1253.47466027, 395.79039399, 1173.00531786, 1390.54897334, 393.252501916
910.101296751, 1656.56935288, 617.565724195, 663.718648302, 1260.76274225, 662.574203333, 513.729583764, 753.615048357, 298.779636373, 607.77198782, 1005.32567462, 328.514547733, 763.542851005, 989.612229426, 301.869037717
934.703637484, 1578.63235889, 506.875008815, 922.63387254, 1287.47700343, 448.67597338, 697.74001771, 867.214183982, 257.529115781, 551.463116533, 1102.14267913, 380.675483127, 918.010434675, 1072.96896182, 333.340488369
1123.27201117, 1604.15342432, 577.441618289, 688.068576014, 1216.6839081, 531.052067694, 463.951624454, 815.068151945, 292.309863989, 556.01380167, 1081.1585933, 361.536009428, 668.222317141, 1187.26101413, 365.816850579
1043.54582353, 1656.22380497, 523.940930487, 1195.25623537, 1450.30609758, 414.218506257, 865.329403836, 981.867122403, 276.915416767, 778.063843982, 1183.21823241, 399.876542962, 1123.22920767, 1244.73015291, 337.212727525
1297.69082377, 1705.72572776, 607.897496404, 1047.35471338, 1424.27501668, 431.053537921, 698.801531603, 946.417770667, 257.81921588, 782.170881249, 1061.20584744, 325.835843078, 991.934256525, 1247.2381833, 326.891295445
1379.50182265, 1867.1244358, 639.806155395, 1171.88448212, 1477.6048772, 444.866317158, 898.481970126, 992.464797125, 315.664532183, 765.132166458, 1145.80122125, 407.810932902, 1154.37911527, 1260.86546886, 392.173771795
1036.613942, 1464.9854635, 617.362660946, 714.383859425, 1530.40387477, 680.282499686, 548.46778622, 867.274348328, 318.187463961, 649.981940216, 1140.24283895, 400.473165742, 805.623349724, 1234.41921494, 377.428715527
1382.01575018, 1942.69894859, 684.51767927, 2274.23035274, 2787.19711283, 1265.08842231, 3479.72364205, 2940.33789219, 882.006096455, 1954.83573098, 1922.85229997, 599.682937643, 2915.56445537, 2394.93537016, 684.41524493
778.545272823, 1482.79037472, 531.223601473, 774.165990595, 1574.3896305, 619.38617484, 544.889738806, 887.44180224, 299.277919058, 613.732927802, 944.911807851, 294.466133293, 830.788648386, 1118.83452692, 303.423353502
1194.86669797, 1934.30522323, 613.155305684, 1852.45477823, 2114.37948474, 724.947223868, 3326.31666454, 2787.57149251, 784.120840932, 1452.60135547, 1783.64385073, 565.156201208, 2170.20381557, 2117.05864151, 591.060916498
962.48456444, 1527.16973358, 638.541790433, 814.473199595, 1555.26400686, 708.476146613, 614.716568508, 830.641484055, 356.18292222, 530.55857705, 823.946020074, 331.267150924, 922.276132109, 1035.99999267, 378.627132676
1867.01516101, 1875.82295719, 715.990831301, 2484.57223371, 2315.73381192, 615.661870349, 3851.31870132, 3071.03931672, 676.289946475, 1459.95071444, 1600.75095405, 587.838789355, 2544.38348408, 2310.54688493, 534.636636306
1431.21964279, 1558.51820242, 593.685025627, 757.6945102, 1514.35622659, 693.426065082, 504.712340653, 929.112331948, 318.465240601, 638.42673713, 1019.81827598, 325.152656875, 646.605230124, 1088.57504772, 321.675977368
1422.59552984, 1831.89147616, 622.374649703, 1915.29384886, 2241.25044717, 605.548520709, 3127.34671701, 2952.98586551, 735.048399184, 1697.5971665, 2267.55524721, 606.210856434, 2259.35743235, 2800.68422881, 644.282901339
1112.7914144, 1867.50522736, 613.336858674, 769.472661938, 1426.45382534, 679.534214814, 513.300312182, 821.594216942, 291.88622757, 617.935396052, 1016.51943215, 359.706033591, 739.769645355, 1106.39119829, 353.957531946
1778.75231685, 1930.8875186, 671.289561162, 2195.84474403, 2548.11215819, 738.216523352, 2988.14010062, 3064.07669104, 835.984115102, 1655.57142981, 2048.04533859, 738.717375723, 2101.12485886, 2425.95026482, 690.775998268
806.099360549, 1325.98740945, 533.251681086, 690.617652005, 1508.79092371, 675.903645459, 481.396415616, 882.949426501, 328.497593171, 458.894725284, 896.642592649, 298.739289341, 690.085143482, 1116.5754905, 349.245813394
1225.524171, 1560.44320154, 662.07852211, 1682.25307197, 2042.84369801, 724.7139302, 2294.93341813, 2545.13317496, 718.815149294, 1729.45825799, 1788.96021633, 674.398697582, 2091.7873932, 2050.30814029, 620.907729759
1184.04539067, 1821.98082435, 591.85303641, 837.216726095, 1366.24767204, 649.710311333, 562.24534071, 831.738210771, 345.879753282, 606.937735108, 1053.45372408, 372.090722999, 818.831679927, 1163.39224602, 403.422813642
1872.17703303, 2108.93105031, 775.288542315, 2547.55954528, 2381.10920264, 690.812386103, 3867.00342614, 3231.36190659, 815.201946215, 1674.07749375, 1677.23834196, 545.403683171, 2693.01149923, 2447.88508241, 621.805834233
1447.77656908, 1569.73199767, 567.721806696, 1031.418162, 1299.86284599, 532.069683345, 682.368200011, 828.951748975, 307.907003444, 812.845606812, 1044.48083143, 355.529933382, 903.212072613, 1055.54025653, 366.152594731
2052.43028499, 2212.5500108, 674.120133975, 3156.48163317, 2794.64004272, 716.436156692, 5114.14424265, 3545.02655085, 871.365792156, 2299.94240599, 2203.52580527, 669.478925239, 3330.71466414, 2924.16383119, 742.774448405
1128.12077602, 1775.8954042, 581.021534742, 878.350024188, 1126.94259323, 434.266829838, 569.727475539, 739.000378948, 224.180270499, 554.692343709, 902.598254965, 290.602897172, 777.701856346, 999.549715742, 281.331412851
1770.46687374, 2185.81571337, 711.628340467, 2535.52510797, 2716.17141872, 735.135094324, 4092.24599951, 3770.08085882, 831.714457781, 2209.21057752, 2204.50390628, 578.127687455, 3318.13682433, 2954.54996349, 680.423849849
1422.51726615, 2021.73378636, 749.563536076, 970.090461256, 1425.21537278, 471.04014687, 658.219561287, 925.805966301, 291.488390916, 782.334566214, 1255.5318422, 434.325268726, 887.832062735, 1195.20404495, 370.641387842
1962.71229054, 2213.66795486, 654.332781737, 2744.98612901, 2652.43090019, 680.402938867, 4000.07533716, 3430.82864398, 752.045435127, 2321.03074375, 2452.64879983, 641.608090068, 3151.35334078, 3017.96899438, 725.48184057
1092.12834547, 1714.65790569, 600.536823914, 1868.60172144, 2954.62444816, 1164.91901779, 3020.70984827, 2786.12167094, 719.717903199, 1964.28155483, 1801.33758943, 529.927597646, 2382.14704129, 2147.56034977, 568.317852013
1200.05498307, 2278.54951929, 928.174632153, 1658.39648756, 4023.19030593, 2180.8039461, 2396.72766553, 3069.49013725, 712.115473711, 1985.87689595, 2383.56471677, 727.152448788, 1950.18822156, 2471.70333304, 676.768155152
1214.021061, 1863.18435669, 690.890142854, 1824.95877886, 2738.53242473, 1267.553676, 2794.30758354, 2948.22623991, 751.519416062, 2077.39408098, 2001.95083244, 641.100701672, 2293.35575954, 2383.66878578, 618.873045977
1372.74004724, 2085.25940193, 655.000229581, 1954.57230762, 2784.1605354, 903.6348877, 3064.86703409, 3451.2514442, 870.397312803, 1803.79489483, 2064.95976291, 652.87854115, 2648.66709991, 2738.49180953, 699.078250668
1529.03803711, 1977.34656703, 581.271142542, 2400.34288988, 2767.89483424, 1101.23677807, 3732.18403074, 3302.8899104, 726.115526463, 2235.90639815, 2165.43755157, 644.451602638, 2762.14526854, 2410.4355883, 614.822273969
1498.06467887, 1812.39257446, 749.538279731, 2406.70983473, 2344.37672935, 710.915332021, 4179.37574787, 3217.13420652, 705.010385916, 1765.37846928, 1691.26668357, 589.464938583, 2898.64455887, 2353.00064045, 601.696436244
1152.45345868, 1670.54465997, 602.602076353, 1682.08964301, 1937.26891869, 644.265548497, 2604.57701395, 2626.43705571, 720.245356973, 1731.16091164, 1557.40317775, 576.676825399, 2036.34775726, 1794.04583733, 535.760631069
1691.46411502, 2003.33515582, 691.742324638, 3053.72877635, 2542.84161789, 752.739040036, 5406.63100307, 3571.20537264, 894.071691648, 2058.2501887, 2015.06688578, 617.15470621, 3703.58028651, 2747.61180492, 725.640952962
1119.89096599, 1761.81916242, 555.053522384, 1702.68820012, 2097.69494029, 583.496554097, 2727.77567369, 2458.28837533, 657.401822714, 1428.13036394, 1580.31437894, 444.836144065, 1940.68501122, 1726.20742721, 489.938130877
1367.63526758, 1791.78890931, 606.854877475, 2052.78801608, 2479.52587767, 687.898572551, 3095.10087141, 3246.07662532, 691.005376874, 1726.07968459, 2012.00309999, 497.77840879, 2310.54519609, 2504.19762923, 593.800571387
1204.55255972, 1845.53651944, 604.625061473, 1684.93646452, 2259.73985947, 607.324701924, 2829.26992671, 3089.53648716, 668.481510223, 920.516090812, 1200.63430576, 413.245989626, 1971.56299943, 1907.92865304, 459.726562858
1722.3525664, 1901.87745081, 663.404675435, 2367.7006205, 2386.2253289, 672.128689297, 3634.84136072, 2924.11369428, 697.590906539, 2192.70783016, 2253.78286558, 617.292558974, 2958.11217442, 2665.1908355, 628.13501983
1276.06623585, 1932.79681936, 625.673398884, 1945.93511805, 2239.8342789, 645.000545641, 2938.69162695, 2987.67079603, 773.795605609, 1900.46750517, 2060.9494046, 619.179354771, 2388.35417896, 2280.53345029, 620.207684995
1552.8686763, 1936.82398606, 695.749979082, 2360.37198188, 2348.66103875, 743.123706794, 3495.2776026, 3117.33181753, 867.829862534, 1937.65043222, 2080.18449854, 583.71333881, 2963.00284157, 2652.00765757, 696.000840788
1238.78802303, 1730.4137135, 623.887684282, 1742.94729105, 2072.13751447, 648.580490478, 2673.27391953, 2705.95812981, 749.186424261, 1965.57420814, 1772.63045145, 599.84107673, 2535.47351256, 2015.64982364, 620.975193378
1704.77824558, 2058.95058403, 694.435718984, 2780.0710977, 2530.09180495, 733.993847705, 4572.83832695, 3212.49182966, 867.03733955, 2049.89552347, 2242.4597703, 736.728636593, 3382.63862156, 2780.80394691, 774.007703731
1224.85527457, 1770.04330863, 639.066394964, 1664.76090653, 2124.31607287, 604.274207226, 3058.83278007, 3010.0672719, 781.25901091, 1729.64764697, 1650.63439644, 579.721320564, 2214.22458164, 2052.25882808, 618.334359772
1670.45744616, 1526.12912719, 669.810704165, 2147.43728347, 1871.61551738, 661.14221729, 3121.39352717, 2559.65022081, 743.369308566, 1240.53106386, 1378.84534022, 476.441247436, 2088.98712206, 2095.67903057, 552.826529618
1209.80624255, 1945.37004402, 582.260744328, 1704.93829963, 2228.81321842, 649.494901456, 2498.7692255, 2770.45242371, 710.944465048, 2244.00638781, 2428.37338423, 717.101967512, 2267.10029093, 2437.40713246, 643.542091181
1373.97213896, 2061.63074093, 526.795960795, 2316.49277836, 2274.75137986, 648.245277468, 3588.26006754, 3087.31702121, 756.790364123, 1957.88445808, 2002.10908285, 624.355216181, 2736.49910177, 2511.24266957, 624.319530531
1014.64941775, 1624.82415564, 573.338881883, 1322.38601429, 2297.60250532, 1155.81570186, 1497.43507018, 1931.68226436, 654.683715208, 1473.94649434, 1445.08433274, 486.093087087, 1536.8978672, 1576.16556742, 491.936059211
2021.68361221, 2693.48794585, 808.674132546, 2491.34482318, 2906.92399347, 984.756351649, 6024.87212041, 4468.24729873, 975.799229522, 1254.45307268, 1623.94759141, 494.913960217, 3099.18717121, 2577.87633947, 594.427589074
1015.42472989, 1599.62783755, 599.098520489, 1337.24382491, 2340.98621014, 1119.34078804, 1817.69877208, 2036.29641373, 537.901298653, 1091.4934562, 1301.64636709, 375.930306332, 1498.52037668, 1574.60807853, 393.981100089
1757.45502903, 2483.4920154, 718.906287617, 2517.03899441, 3043.20872999, 972.84849207, 5238.43757994, 3957.97160438, 1001.98138516, 1695.22958155, 1575.22557128, 437.658179664, 3060.3979849, 2514.37712093, 647.587649717
1471.82715683, 1901.39677443, 618.684819031, 2100.61544905, 2671.3756068, 1097.79224193, 3345.25588158, 2819.07816488, 613.771515626, 1883.53821603, 1700.4087517, 612.362707904, 2242.34153667, 1968.66701844, 493.928164606
2250.46705097, 2439.29623538, 701.8976856, 2973.41705066, 2879.20390687, 970.669188216, 6072.56865268, 4039.17966668, 1067.7534925, 1476.71037397, 1713.27452096, 509.086677537, 3293.98295106, 2641.29769859, 707.016490422
1550.86475005, 1725.90369094, 653.741240749, 2956.00073569, 2801.7000049, 1106.28974611, 5105.81428292, 3485.15499226, 718.757483086, 2290.28721712, 1885.61533377, 589.592452363, 3640.90238788, 2463.71184106, 561.424240358
1812.25130203, 2445.04245823, 685.285000599, 2752.44034106, 2848.79903206, 948.629794924, 5860.40204589, 3778.12191571, 953.668279867, 1362.27821015, 1655.14919038, 465.244273554, 3155.61365062, 2395.63858909, 588.420267869
1320.58762537, 1791.858727, 594.835007377, 2349.26951853, 2302.41441028, 903.901328295, 4367.04205471, 3196.82917043, 676.356597513, 1447.80002272, 1562.57649443, 420.46402936, 3021.54351422, 2446.36610047, 529.585493128
2547.72041746, 2365.02214475, 807.686289727, 2821.27916285, 3020.70173238, 884.373396258, 5265.35124831, 3671.50171986, 858.255257741, 1376.25006942, 1533.78137664, 430.765145306, 2858.36664442, 2355.00662884, 590.698220338
1094.5547134, 1725.65043829, 580.880460373, 1669.50253354, 2627.39907949, 999.874900476, 2778.11061488, 3115.87728868, 637.289907807, 1362.22822768, 1489.44156085, 498.085778129, 1703.49646436, 1835.66145288, 469.763641106
2534.43394363, 2561.78492636, 857.237134162, 3364.37936535, 3052.91329038, 968.13999781, 5940.23082803, 3734.64390861, 841.816580028, 1733.13497333, 1871.00025974, 603.596419809, 3545.15226436, 2669.0075117, 663.211594847
1464.45243942, 1905.71458317, 748.061297207, 2116.62484891, 2569.26506227, 882.109246076, 3129.69217305, 2931.36325332, 752.703867596, 2128.94218685, 1965.53705846, 698.427790271, 2387.2609791, 2260.63548569, 622.27714467
2160.44467936, 2464.1558811, 689.460721109, 2521.33052425, 2952.73677016, 812.508753554, 5157.4438167, 4305.95455021, 836.81716695, 1850.715725, 1675.06847897, 470.22873172, 3189.88145008, 2726.90172096, 573.325380381
1577.40216343, 1962.63471594, 583.76938568, 1913.83275489, 2127.94778692, 564.067239175, 3222.38936183, 2672.16779984, 667.395832755, 1496.71960245, 1552.71224066, 447.793993407, 2158.85601672, 1744.54132941, 476.201266413
2352.91636315, 2367.04971222, 662.497149943, 3004.97001019, 3155.16022625, 879.516743507, 5497.25713723, 4128.00562827, 926.73637013, 1477.65631686, 1652.36821409, 500.939555293, 3300.87289503, 2538.75683393, 648.398308829
2096.76979725, 1876.82889196, 672.986947728, 3456.90765055, 2502.66630038, 682.669427022, 5791.625514, 3576.09197661, 918.346937731, 2262.67900239, 1989.87304742, 590.430564373, 3722.36104412, 2529.8636926, 702.609621426
1857.37149383, 2322.51882777, 787.734825406, 2702.01283341, 3231.28769297, 1074.9421421, 5570.63160775, 4201.38950398, 1018.60247149, 1429.13540625, 1680.82557059, 541.475511168, 3034.85658305, 2546.73865345, 659.59406796
1390.67217254, 1822.59576054, 603.347425716, 1978.65240601, 1988.23070203, 658.528855276, 3248.30508813, 2595.36812563, 703.73956957, 1824.74186206, 1729.89431523, 540.847888347, 2200.13709042, 1843.99804787, 551.073371779
2475.02888074, 2612.82026447, 791.063677099, 2935.55057033, 3236.17732556, 967.688190343, 5325.70845522, 4124.49660949, 936.428123288, 1621.13303608, 1947.42490497, 568.746381727, 3343.60262748, 2878.1254093, 725.597933478
2024.37448347, 2362.97824999, 732.500297097, 2458.41563677, 2989.87943057, 958.324433943, 4668.42262554, 3856.92408544, 918.128667645, 1333.62619636, 1630.75933018, 541.556206185, 2810.05793368, 2654.0656242, 646.783989219
1906.00127392, 2512.58454197, 771.545110613, 2916.46726436, 3083.71578104, 1062.70270266, 6141.08452393, 4367.96533926, 1142.91725951, 1633.10751106, 1762.1960639, 523.02475438, 3369.04051353, 2869.28932953, 703.434681713
1694.98632274, 2071.75938607, 793.373623853, 2462.95428509, 2698.67256621, 1071.4924456, 5174.7232526, 3631.6751675, 865.326348367, 1270.34116156, 1400.19529769, 442.603700403, 2962.58704386, 2239.80643356, 574.216510588
2363.28808317, 2491.42793909, 715.023193245, 3056.87749773, 3001.89652136, 983.150692267, 5880.42127169, 3841.27378743, 907.590763111, 1534.20726913, 1669.62077052, 505.330110599, 3176.83379477, 2614.70142057, 599.599191427
1792.77052075, 1920.37629948, 599.922810818, 2381.34748526, 2696.47619932, 953.175983344, 4929.33069777, 3381.9503365, 851.064589849, 1404.44122187, 1298.21494554, 421.477153318, 2934.00889125, 2035.07210143, 591.351270194
1908.01583548, 2307.05657219, 829.898075878, 2563.99393094, 2827.99460116, 1133.90124614, 5108.22509572, 3682.01302594, 1013.79564396, 1508.05532291, 1680.26160652, 584.847615223, 3226.82031629, 2405.74297842, 676.202408562
2125.16896388, 2524.15636305, 708.171479383, 2158.23889159, 3162.5573767, 980.719681066, 4550.93502085, 3728.47099234, 796.552976043, 1265.92533045, 1612.98230107, 409.760547649, 2622.00085014, 2565.81861523, 546.42615344
1979.43026517, 2497.23422924, 753.434412827, 2817.94354339, 3119.397842, 971.543325042, 5880.11229855, 4188.58693379, 885.0794987, 1559.8232685, 1715.48017462, 490.433777858, 3314.54819983, 2749.53130462, 619.184319242
1659.69453212, 2403.04958411, 732.676404345, 2565.26142186, 2971.60361732, 1043.26938703, 5887.79368317, 4109.8433983, 874.300706197, 1479.06346314, 1624.95518863, 470.720082807, 3460.73079069, 2416.06095758, 565.848419055
2037.31539778, 2340.75317221, 715.117086393, 2462.49444514, 2912.9201116, 903.757117132, 4605.94044059, 3560.73914596, 836.107587257, 1428.12044627, 1562.93051623, 472.98170787, 2712.73680242, 2476.59235373, 575.383948286
1973.96008013, 2381.71320483, 720.302354409, 2496.36972998, 3034.6142839, 1012.84912238, 5369.49412997, 4106.43151692, 912.424406931, 1241.0588685, 1526.3912681, 485.812547652, 3138.54800947, 2450.59905717, 637.997782036
2314.17916364, 2742.77955456, 850.858992463, 2514.85293867, 3282.77235053, 1038.89970837, 5447.9224654, 4257.02082561, 1065.08943739, 1418.54859449, 1835.94234373, 532.283586343, 3197.96855918, 2802.40101251, 721.66753144
1518.82901242, 2141.89073748, 705.227998351, 2098.05866342, 2839.99330406, 921.700655055, 4218.1292412, 3691.36272151, 893.191665585, 1213.50324556, 1543.39054324, 499.040968524, 2458.64426353, 2484.18738214, 617.631298797
1705.90114511, 2128.64960978, 736.39337474, 2014.01565475, 3003.40805115, 900.20830258, 4291.97355028, 3812.43136895, 857.523144814, 1081.57710929, 1553.59075262, 476.825457073, 2756.33990145, 2495.83941175, 602.815391816
1514.37277246, 2285.49838226, 693.464737716, 2129.02399387, 2883.09097712, 960.220847613, 5215.53282061, 3895.58933636, 869.343112595, 1293.38679713, 1692.20885585, 411.327640064, 3046.11109598, 2552.89823984, 545.41867004
2591.27677549, 2683.98132354, 808.816132481, 2661.30980851, 3309.56520088, 952.339679643, 5107.90262862, 4032.15589581, 939.992402584, 1543.94052409, 1788.3574593, 522.610615248, 3017.40248729, 2721.1074137, 604.192706841
1441.60956916, 1952.71856082, 696.037196191, 1976.28692434, 2549.99203029, 940.73284157, 4550.53030304, 3458.50841172, 867.708573849, 1120.68888892, 1384.68650684, 419.384592031, 2588.30374248, 2191.01663625, 593.595447536
2413.20538657, 2460.85902205, 772.100398337, 3199.05586616, 2957.03874668, 973.647124972, 6170.00353428, 4053.49163024, 801.134514108, 1535.82576534, 1692.49958534, 508.325786379, 3423.37653454, 2684.8067287, 572.609737348
1696.54112699, 2413.09477426, 715.870733209, 2460.81043448, 2983.51121903, 761.622139113, 5472.93912019, 4057.63613555, 915.613049811, 1373.05423898, 1451.31147997, 417.359263299, 3139.90482304, 2439.93320646, 559.306713096
2581.76572507, 2668.15787262, 793.759383914, 3217.35821117, 3405.75351497, 958.165191211, 5688.09046456, 4628.32148038, 1052.91072166, 1925.17351747, 2131.89949988, 604.541159936, 3417.1641621, 3281.54967488, 807.829649808
1847.62500471, 1987.33265838, 614.482593796, 2339.49675677, 2926.88548955, 1197.18090334, 4801.33444128, 3839.40728065, 905.475392165, 1438.82558658, 1578.89996355, 457.035559216, 2997.59719672, 2700.37206092, 604.9717396
1474.69001518, 2199.30222881, 693.537639991, 2424.52798505, 3206.47442224, 1139.29838888, 3612.14822444, 4337.0065162, 1186.63982359, 1197.81825527, 1750.83503968, 456.908095542, 2218.3805286, 3107.87352706, 665.760805612
2232.57325061, 2137.39757941, 584.036679776, 3021.68350563, 2931.31269526, 964.973185543, 5831.4050093, 3664.98964285, 836.637194692, 1703.09858312, 1590.67039767, 405.902879564, 3479.08237864, 2297.10308326, 552.660583247
1175.53441063, 1882.93089867, 535.563369729, 2004.51512387, 2709.79412358, 740.795787555, 3119.48370803, 3636.48079343, 1054.74614127, 1074.31884252, 1454.31777487, 327.627213181, 2086.95911906, 2419.13225357, 567.378614245
2236.6068146, 2512.67200779, 701.62779009, 2423.73571826, 3435.72677318, 831.146756167, 4463.35050027, 4092.07356453, 796.196076097, 1378.08665246, 1654.10053966, 424.838443296, 2497.68476212, 2491.12288051, 533.025641266
1792.50824582, 2104.00216113, 499.975036465, 2961.95973902, 3173.22241055, 731.77978013, 4705.11483444, 4302.453797, 996.156676862, 1485.56981517, 1706.18459096, 337.484872794, 3269.19082498, 2990.85474193, 616.255628495
1841.53709631, 2266.38860956, 612.850475855, 2219.82812031, 2849.98897475, 1008.52208343, 4901.19836643, 3700.07917484, 850.731366478, 1332.13902379, 1637.9358393, 418.167716649, 2830.11976028, 2517.6999744, 584.003657477
1965.9011514, 1859.8849602, 458.675037869, 3001.61830572, 2521.48617142, 655.366357245, 4438.73532376, 3566.20571524, 1164.67410465, 1359.63356694, 1300.61250859, 356.380066347, 2706.91675234, 2328.78315981, 639.075076647
1325.64748502, 2222.60365017, 703.348896565, 2339.32761087, 2904.75521302, 976.861985668, 5691.5177183, 4160.08234821, 912.205069883, 1515.56077115, 1575.48471538, 428.905280055, 3429.13415461, 2465.61669844, 580.424022483
1895.70965816, 3525.86677433, 2329.01301195, 3114.87435632, 2663.95901553, 798.207152841, 4704.04016904, 3428.02600801, 996.635392436, 1549.49596809, 1247.39311019, 377.508556117, 2943.54058932, 2229.18917351, 585.894395336
1542.99330584, 2017.78236307, 614.590619943, 2273.9404652, 2838.67790055, 910.96535549, 4976.03644984, 3680.03525771, 847.850961172, 1201.9206072, 1512.18061472, 387.132337868, 3146.29126138, 2406.7077633, 559.406499653
2431.88434083, 6846.63965088, 5135.88966914, 3188.33188891, 4959.14190939, 2645.56602548, 5169.56551835, 4283.57613095, 1578.81221721, 1487.69843974, 1979.57197011, 1074.75522476, 3205.4306436, 3155.76198586, 902.597935084
1890.97259812, 2132.6553324, 695.346169742, 2665.33337521, 2973.08415342, 862.893801647, 5512.79034086, 3754.14145013, 847.553985084, 1425.25805322, 1496.72628966, 452.909802206, 3353.11956188, 2386.12735098, 544.838007408
1709.14005021, 2910.54824381, 1800.2570565, 2640.96437797, 2557.26094779, 892.481069038, 3893.10419876, 3450.94149931, 1299.50576491, 1497.67994064, 1539.00185491, 557.43098221, 2606.24404835, 2382.09563528, 695.751593359
1763.81435477, 2217.85323894, 702.595451861, 2676.43854042, 2786.89607651, 883.632914993, 5238.28424947, 3825.55802288, 763.237729379, 1654.9433339, 1492.78926199, 420.603415695, 3113.29094069, 2471.30152854, 551.724263189
1805.18179558, 2337.24324517, 1009.73579016, 2988.28690599, 2762.55307262, 685.068090285, 4624.16081564, 3718.73254311, 1168.27049684, 1412.34826341, 1387.31500655, 464.791789836, 3083.12358263, 2443.44264269, 599.967325847
1521.20707321, 2139.03359661, 637.108588585, 2183.94031157, 2733.35176802, 836.987865175, 4840.40866535, 3686.49957659, 822.830269927, 1358.24582395, 1622.479898, 484.452286583, 2903.22816728, 2402.05108538, 591.139436255
1800.53885632, 2380.30965202, 1016.25154408, 3278.46212801, 2662.425854, 776.099654416, 4933.36430034, 3780.49287232, 1071.99180755, 1438.65105429, 1368.56582993, 508.991407894, 3353.57630184, 2492.64335888, 619.713693681
1694.41249015, 2217.82359674, 711.239326027, 2091.19366275, 2860.82115889, 742.589144579, 4709.96253474, 3547.07149066, 863.265949035, 1056.41386144, 1538.00829975, 481.018430769, 2557.33382652, 2303.33636697, 573.214288168
1796.89773984, 1906.46702343, 875.807621271, 2847.66652684, 2528.01176269, 648.188263395, 4327.91058645, 3538.10798153, 1069.80715541, 1292.14709624, 1380.28442811, 415.566784741, 3000.07797128, 2460.30487533, 577.395601216
1702.3644998, 1940.58723283, 541.127020465, 2884.52593755, 2705.17237836, 803.993930895, 4252.76095112, 3779.81007065, 1244.82675741, 1334.12083454, 1257.53397446, 362.437975835, 2802.35244408, 2515.37874973, 664.801565967
1518.68391619, 2064.01099808, 563.815908488, 2475.20149632, 2848.51203137, 776.859727113, 3489.05265767, 3718.48427879, 1003.80469961, 1319.24165362, 1391.28165313, 358.565793645, 2026.14786302, 2686.9765877, 522.654982727
2069.06100173, 2152.03908945, 506.680711314, 2798.60112415, 2732.12338565, 712.374695829, 4288.63730465, 3559.06290783, 1155.88912925, 1542.80795466, 1453.58030527, 361.496835607, 3124.72379829, 2320.43310628, 616.81755731
2256.30744988, 3697.59650731, 1390.71640127, 2569.06375008, 2825.2175737, 922.357202385, 4055.58749831, 3922.83597611, 1386.55722023, 1336.51292762, 1348.50383937, 460.104188119, 2882.19201926, 2706.88439828, 771.359292024
2087.02464241, 2200.48878446, 551.79981104, 3222.37418716, 2721.78381097, 582.429471828, 4654.54956654, 3790.24826103, 1047.33728829, 1396.85657808, 1372.00402893, 336.552585895, 2860.39185319, 2478.26327587, 593.27624529
1524.82027953, 2195.72623877, 534.465480181, 2759.9102822, 2796.53066238, 676.534568495, 4376.00581266, 3775.86788264, 1094.18728651, 1328.31346874, 1369.59606434, 305.231841264, 3078.32426874, 2506.10758871, 601.243205604
1705.96423763, 1764.27805198, 496.708713711, 2770.00745861, 2211.27753213, 565.332863685, 4454.84133294, 3280.08620311, 1113.38122615, 2543.18298216, 3558.63933723, 1168.48142978, 2828.44864235, 2060.87340437, 573.546594572
1966.06357255, 2258.30915496, 910.335306847, 3167.8499472, 2823.93364779, 903.283856852, 4904.54832535, 3853.85021935, 1369.53336971, 1508.19741964, 1477.24661783, 519.228389659, 3453.2165562, 2546.73515609, 795.840702557
1310.09415067, 1725.33706901, 534.131153002, 2182.71990705, 2311.34592956, 712.345950876, 3482.60897511, 3940.80405267, 1593.45434481, 912.773313649, 1050.58030715, 303.480179639, 2197.32141519, 2292.07762943, 814.056594073
1777.55066094, 2227.80819649, 735.28226902, 3594.07508811, 2991.78751206, 934.756052191, 5402.97266894, 4424.72901698, 1480.10090834, 1426.14391558, 1452.82784443, 416.314181859, 3364.87308204, 2864.72637499, 742.735504676
1812.45382635, 2150.45033714, 633.608295655, 2708.18358948, 2632.23908502, 624.710160151, 4362.09395485, 3667.0126211, 1170.77452784, 1392.23348638, 1372.41046092, 373.136483915, 2969.5639885, 2354.64552437, 659.494860092
1538.36703267, 3309.00556124, 2135.49767322, 2990.90237595, 3042.81621803, 1072.87627922, 4658.79143005, 4124.15501147, 1165.47346417, 1281.02753162, 1510.2176242, 595.436503111, 2790.92120401, 2776.64859478, 616.585038553
1662.4016813, 2132.0675549, 1137.16423617, 2385.78672498, 2268.29639463, 715.156853048, 3752.37817446, 3654.36153739, 1134.02716061, 1167.28082709, 1175.18873327, 370.629964944, 2409.34386771, 2383.87226657, 598.859704314
1842.27453563, 2694.2475045, 1678.46167406, 3139.41088837, 2992.02437213, 767.382381293, 5101.66998737, 4180.77642802, 1080.55758637, 1369.65143731, 1510.81014336, 483.993988794, 3545.38966371, 3006.25709667, 613.702911233
1693.55739999, 1999.54414171, 468.546665677, 2816.70560686, 2591.69231004, 547.323483596, 4461.75067821, 3754.49860239, 1157.07764316, 1426.77767969, 1285.45273027, 290.493223791, 2985.46334007, 2352.56650918, 633.592487491
1542.44473715, 2563.50204166, 954.670026805, 2551.75268456, 2879.32022541, 725.05865005, 3944.43578879, 3888.08168405, 1085.65565112, 1400.46474584, 1575.89124809, 461.068131523, 2772.14118817, 2644.4540672, 599.567653374
1766.91293075, 2531.84765919, 1065.53026352, 2545.71995568, 2489.03064311, 751.431868106, 3933.34796747, 3947.00884335, 1545.86477769, 1106.3020187, 1112.6634768, 404.722123675, 2475.22324873, 2514.618095, 731.627697718
1796.85738215, 2082.25913654, 742.843658779, 3555.67503136, 2745.85468493, 668.164906325, 5530.60690866, 3653.79646408, 1028.80149014, 1580.4927607, 1424.00314203, 420.120368336, 3644.13596275, 2590.34034186, 624.997718583
1424.3764242, 3414.65761586, 1909.34880611, 2557.04229762, 2753.14443862, 1142.86704451, 4183.76868646, 3617.78596681, 1389.46599096, 1246.60489528, 1497.142246, 469.536778233, 2598.65159655, 2397.33692649, 693.763337077
3335.45910093, 6331.64866428, 4462.0769939, 3692.79215163, 4803.99324955, 1801.90280761, 5406.18642337, 5965.92802895, 1971.17571459, 2545.89138877, 3285.52132934, 819.621488443, 4096.74297372, 4560.74678142, 1273.54700587
1058.35261835, 1950.16174907, 724.921284149, 1983.14516257, 2486.96476403, 876.327926448, 3220.46839718, 3111.06695754, 1333.99677895, 1060.06728342, 1298.42626578, 413.178660838, 1992.70367271, 2220.09289907, 645.100007145
1092.32185506, 1558.69569987, 640.403534579, 1656.27349984, 1914.28713353, 1003.58520898, 1926.12905833, 1768.94978704, 627.585003424, 874.683726288, 1054.84813943, 436.953010347, 1599.64113154, 1263.756712, 388.213697237
1519.27880672, 2191.73043537, 597.617812058, 2664.0062334, 2982.79307501, 859.095735289, 4618.88360855, 3788.93736322, 1221.38496746, 1251.13372616, 1225.08095178, 366.984966606, 3128.74302292, 2506.19716856, 662.034183415
967.150304771, 1321.07263921, 544.325089847, 1452.2177768, 1859.76258139, 758.849210496, 1826.71426539, 1629.38667357, 563.231426996, 860.803907076, 936.696388871, 354.511851734, 1792.30892007, 1222.18245833, 376.781231309
2109.20813796, 2219.99234238, 549.748658835, 3216.13275742, 2806.89019433, 694.627027107, 4970.99206623, 3638.23385212, 1082.63952049, 1488.71837753, 1304.20972605, 327.826161905, 3523.40441196, 2457.206797, 583.695930295
1127.08718948, 1420.9100312, 576.547196394, 1488.29790199, 1747.21154579, 731.483429058, 1669.03496598, 1560.64569684, 466.62531825, 725.081041855, 865.735589924, 293.889523274, 1534.0504489, 1125.14738018, 336.10312914
1676.83131284, 2136.30241171, 971.814776602, 2745.93812581, 2840.30607727, 983.528315711, 4307.02343985, 4168.87084922, 1924.22454082, 1378.94036292, 1389.30223716, 473.964825532, 2861.94563621, 2606.58293872, 982.959125229
1156.98438783, 1564.88448122, 592.043398211, 1452.57806993, 1822.95346631, 797.05497548, 1762.26092811, 1660.22120349, 560.392302751, 778.567430328, 860.137468196, 334.754288709, 1555.52683407, 1149.1819635, 342.773025068
2328.2562936, 2226.57643407, 550.148365676, 3192.32869606, 3109.85841425, 637.521493276, 4587.12199702, 4026.81493438, 1038.57840742, 1690.43250924, 1480.25962623, 346.021961369, 3212.05669477, 2815.48664312, 596.953977758
1288.51871174, 1823.69558912, 698.713643371, 1702.87972547, 1806.47338915, 688.489643027, 2085.0085076, 1551.76220035, 526.183173672, 834.035070713, 1006.05002188, 348.380590949, 1715.1038646, 1230.40699851, 362.947408843
1687.19097822, 2354.76928065, 554.572210522, 2445.8421186, 2949.7216515, 676.072270782, 3871.1294624, 3575.59341285, 1101.5112107, 1318.4120309, 1448.79919048, 309.052391775, 2931.5981296, 2461.32273586, 636.329000691
1403.00054801, 2105.25001788, 778.563307139, 1642.84318207, 1894.49228254, 711.870100691, 2002.07907435, 1779.75422681, 567.440538315, 907.727318888, 1158.76278671, 410.202222815, 1779.37835059, 1232.30493235, 399.604831364
2145.62014782, 2891.20995337, 1468.93452778, 3044.00768295, 2767.58930426, 966.373690787, 4622.22980428, 3934.47138682, 1935.26621004, 1285.59896359, 1286.87487002, 400.582054899, 3076.8946141, 2447.47201431, 897.328776217
1094.35365668, 1409.29424045, 548.866045878, 1737.04361811, 1491.13253899, 519.641227705, 2218.95853595, 1623.80785504, 476.22876047, 769.873440951, 852.48079735, 331.923557733, 1719.32895498, 1140.63598179, 363.700465166
1695.20714303, 2456.80204655, 1291.2493713, 2949.7159246, 2934.10825229, 1068.09169755, 4588.6419915, 4328.81179531, 2004.5046052, 1309.3715509, 1256.20442503, 512.054095604, 3013.95000856, 2723.75547363, 1009.47846632
1712.91800919, 2387.54646672, 851.662667103, 1881.19101074, 1694.44926667, 552.018887017, 2200.97224856, 1735.80282232, 521.861350336, 985.873912511, 1066.43547461, 383.399102233, 1752.20055651, 1206.51392915, 354.47268931
1621.16175225, 2105.18061913, 546.727430925, 3078.69107036, 2719.1135824, 568.998415042, 4944.76682487, 3668.32871597, 1103.33326932, 1295.74908211, 1368.57202077, 285.60636658, 3224.96149001, 2437.36102765, 609.736195482
1046.4910439, 1528.20027635, 624.107439827, 1326.71878706, 1513.72119979, 513.736594184, 1645.8070524, 1611.19464865, 520.027604445, 764.834123439, 951.901231126, 318.986095566, 1457.19532314, 1199.40664194, 363.911283947
1508.62966587, 2043.31968054, 555.766164297, 2546.88241412, 2928.20524113, 671.377370906, 4180.65694657, 3982.86136569, 1234.19667104, 1212.6105059, 1377.66155333, 351.97818775, 2954.22360201, 2694.10197718, 691.100973261
